11111111111111001111
11001100110000001111
11111111111111111111
11110011111100110011
00000011111111111111
11000000000011001111
11000000000011001100
00000000111100000000
00110011111100000000
00110011000000000011
11001111110011001100
11110011001100001100
11111100111100111111
00110011001111001100
11000011001111110011
11001111110011001111
00110000110000001100
11111100111100111111
00110011110011000011
00000011001111110011
11001111110011000000
00000011111111001100
11111100111100111111
00110000000000001111
11110011001111110011
11000000000011001100
00111111110000001100
00000000111100000000
00110011000011111111
00000011000000000011
11111111111111001100
11001100110011001111
11111111111111111111
11110011001100110011
00110011111111111111
00000000000000000011
00001100111100000000
00000000000000000000
00000000110000110011
11000000000000000000
11110000111111000000
00110011110000000011
00111111111111000011
11110000000011001111
00000000110011111111
00000000110000111111
11001100001111000000
11000000110000000011
00001111111100110000
11110000001100000011
00000000110011001100
00111111111111001111
11110000000000000011
00110011000011111111
11110011111111000000
11111111000000110000
11110011001100111100
00001111001111111100
00001100001111001100
11001111000000111100
11111100000011110000
11001111000011111100
00111111111111110000
00111100001100111100
00111111000011111111
11000000110000001111
00000011111100110000
11001111111100000011
00000011110000001111
11001100001100111111
00000000000011001111
11000000001100000011
00000000000000000000
00110011111100000000
11000000110000000000
00000011000000001100
00001100110011110000
00001111000000001100
00000011000000110011
00111100000000111100
11111111110011111111
00110011110011111111
11110000001111111111
00111111110011001111
00111111111111000000
00000000000000001100
00001100001111000000
11000000110000000000
00000011000000110000
11110000001100000011
11111111111111000011
00111111110011001100
11001100001111111111
11110000110011111111
00110011001100110000
11000000000011001100
00110011001111000000
11001100001100000000
00110011000011001100
11110000001100110000
11001111110011001111
11001111000011111111
11110000111100111111
00110011111100111100
00111111111111000011
11001111110011000000
11000011110000111111
00000011111100111111
00110000001100001111
00001111110000001111
11001111110011000000
11000000000011000000
00110011001100111111
00110000001100000000
00110000000011001100
11000000000011001100
00001100111100001111
11001111001100000000
00110011000000110011
11000011111100111100
11111111111111001100
11110011111100110000
00110011111111111111
11110011001111001111
11001100000011001111
