1111111111111100111111001100110000001111111111111111111111111111001111110011001100000011111111111111
1100000000001100111111000000000011001100000000001111000000000011001111110000000000110011000000000011
1100111111001100110011110011001100001100111111001111001111110011001100111100110011000011001111110011
1100111111001100111100110000110000001100111111001111001111110011001111001100001100000011001111110011
1100111111001100000000000011111111001100111111001111001111110011000000000000111111110011001111110011
1100000000001100110000111111110000001100000000001111000000000011001100001111111100000011000000000011
1111111111111100110011001100110011001111111111111111111111111111001100110011001100110011111111111111
0000000000000000001100001100111100000000000000000000000000000000000011000011001111000000000000000000
1111000011111100000000110011110000000011001111111111110000111111000000001100111100000000110011111111
0000000011000011111111001100001111000000110000001100000000110000111111110011000011110000001100000011
0000000011001100110000111111111111001111111100000000000000110011001100001111111111110011111111000000
1111111100000011000011110011001100111100000011110011111111000000110000111100110011001111000000111100
1111110000001111000011001111000011111100001111111111111100000011110000110011110000111111000011111111
1100000011000000111100000011111100110000110011111111000000110000001111000000111111001100001100111111
0000000000001100111111000000001100000011000000000000000000000011001111110000000011000000110000000000
0000001100000000110000001100110011110000000011110000000011000000001100000011001100111100000000111100
1111111111001111111100110011110011111111111100000011111111110011111111001100111100111111111111000000
0000000000000000110000001100001111000000110000001100000000000000001100000011000011110000001100000011
1111111111111100001100111111110011001100110011000011111111111111000011001111111100110011001100110000
1100000000001100110000110011001111000000110011000011000000000011001100001100110011110000001100110000
1100111111001100111111001111000011111111111100001111001111110011001111110011110000111111111111000011
1100111111001100000011000011110000111111000000111111001111110011000000110000111100001111110000001111
1100111111001100000011000000000011000000001100110011001111110011000000110000000000110000000011001100
1100000000001100110000001100111100001111110011110011000000000011001100000011001111000011111100111100
1111111111111100110011110011111100110000001100111111111111111111001100111100111111001100000011001111
