1111111111
1111001111
1100110011
0000001111
1111111111
1111111111
1111001111
1100110011
0000001111
1111111111
1100000000
0011001111
1100000000
0011001100
0000000011
1100000000
0011001111
1100000000
0011001100
0000000011
1100111111
0011001100
1111001100
1100001100
1111110011
1100111111
0011001100
1111001100
1100001100
1111110011
1100111111
0011001111
0011000011
0000001100
1111110011
1100111111
0011001111
0011000011
0000001100
1111110011
1100111111
0011000000
0000001111
1111001100
1111110011
1100111111
0011000000
0000001111
1111001100
1111110011
1100000000
0011001100
0011111111
0000001100
0000000011
1100000000
0011001100
0011111111
0000001100
0000000011
1111111111
1111001100
1100110011
0011001111
1111111111
1111111111
1111001100
1100110011
0011001111
1111111111
0000000000
0000000011
0000110011
1100000000
0000000000
0000000000
0000000011
0000110011
1100000000
0000000000
1111000011
1111000000
0011001111
0000000011
0011111111
1111000011
1111000000
0011001111
0000000011
0011111111
0000000011
0000111111
1100110000
1111000000
1100000011
0000000011
0000111111
1100110000
1111000000
1100000011
0000000011
0011001100
0011111111
1111001111
1111000000
0000000011
0011001100
0011111111
1111001111
1111000000
1111111100
0000110000
1111001100
1100111100
0000111100
1111111100
0000110000
1111001100
1100111100
0000111100
1111110000
0011110000
1100111100
0011111100
0011111111
1111110000
0011110000
1100111100
0011111100
0011111111
1100000011
0000001111
0000001111
1100110000
1100111111
1100000011
0000001111
0000001111
1100110000
1100111111
0000000000
0011001111
1100000000
1100000011
0000000000
0000000000
0011001111
1100000000
1100000011
0000000000
0000001100
0000001100
0000110011
0011110000
0000111100
0000001100
0000001100
0000110011
0011110000
0000111100
1111111111
0011111111
0011001111
0011111111
1111000000
1111111111
0011111111
0011001111
0011111111
1111000000
0000000000
0000001100
0000110000
1111000000
1100000011
0000000000
0000001100
0000110000
1111000000
1100000011
1111111111
1111000011
0011111111
0011001100
1100110000
1111111111
1111000011
0011111111
0011001100
1100110000
1100000000
0011001100
0011001100
1111000000
1100110000
1100000000
0011001100
0011001100
1111000000
1100110000
1100111111
0011001111
1100111100
0011111111
1111000011
1100111111
0011001111
1100111100
0011111111
1111000011
1100111111
0011000000
1100001111
0000111111
0000001111
1100111111
0011000000
1100001111
0000111111
0000001111
1100111111
0011000000
1100000000
0011000000
0011001100
1100111111
0011000000
1100000000
0011000000
0011001100
1100000000
0011001100
0000110011
1100001111
1100111100
1100000000
0011001100
0000110011
1100001111
1100111100
1111111111
1111001100
1111001111
1100110000
0011001111
1111111111
1111001100
1111001111
1100110000
0011001111