11111111111111001111110011001100000011111111111111
11111111111111001111110011001100000011111111111111
11000000000011001111110000000000110011000000000011
11000000000011001111110000000000110011000000000011
11001111110011001100111100110011000011001111110011
11001111110011001100111100110011000011001111110011
11001111110011001111001100001100000011001111110011
11001111110011001111001100001100000011001111110011
11001111110011000000000000111111110011001111110011
11001111110011000000000000111111110011001111110011
11000000000011001100001111111100000011000000000011
11000000000011001100001111111100000011000000000011
11111111111111001100110011001100110011111111111111
11111111111111001100110011001100110011111111111111
00000000000000000011000011001111000000000000000000
00000000000000000011000011001111000000000000000000
11110000111111000000001100111100000000110011111111
11110000111111000000001100111100000000110011111111
00000000110000111111110011000011110000001100000011
00000000110000111111110011000011110000001100000011
00000000110011001100001111111111110011111111000000
00000000110011001100001111111111110011111111000000
11111111000000110000111100110011001111000000111100
11111111000000110000111100110011001111000000111100
11111100000011110000110011110000111111000011111111
11111100000011110000110011110000111111000011111111
11000000110000001111000000111111001100001100111111
11000000110000001111000000111111001100001100111111
00000000000011001111110000000011000000110000000000
00000000000011001111110000000011000000110000000000
00000011000000001100000011001100111100000000111100
00000011000000001100000011001100111100000000111100
11111111110011111111001100111100111111111111000000
11111111110011111111001100111100111111111111000000
00000000000000001100000011000011110000001100000011
00000000000000001100000011000011110000001100000011
11111111111111000011001111111100110011001100110000
11111111111111000011001111111100110011001100110000
11000000000011001100001100110011110000001100110000
11000000000011001100001100110011110000001100110000
11001111110011001111110011110000111111111111000011
11001111110011001111110011110000111111111111000011
11001111110011000000110000111100001111110000001111
11001111110011000000110000111100001111110000001111
11001111110011000000110000000000110000000011001100
11001111110011000000110000000000110000000011001100
11000000000011001100000011001111000011111100111100
11000000000011001100000011001111000011111100111100
11111111111111001100111100111111001100000011001111
11111111111111001100111100111111001100000011001111
