1111111111111100111111001
1001100000011111111111111
1111111111111100111111001
1001100000011111111111111
1100000000001100111111000
0000000110011000000000011
1100000000001100111111000
0000000110011000000000011
1100111111001100110011110
0110011000011001111110011
1100111111001100110011110
0110011000011001111110011
1100111111001100111100110
0001100000011001111110011
1100111111001100111100110
0001100000011001111110011
1100111111001100000000000
0111111110011001111110011
1100111111001100000000000
0111111110011001111110011
1100000000001100110000111
1111100000011000000000011
1100000000001100110000111
1111100000011000000000011
1111111111111100110011001
1001100110011111111111111
1111111111111100110011001
1001100110011111111111111
0000000000000000001100001
1001111000000000000000000
0000000000000000001100001
1001111000000000000000000
1111000011111100000000110
0111100000000110011111111
1111000011111100000000110
0111100000000110011111111
0000000011000011111111001
1000011110000001100000011
0000000011000011111111001
1000011110000001100000011
0000000011001100110000111
1111111110011111111000000
0000000011001100110000111
1111111110011111111000000
1111111100000011000011110
0110011001111000000111100
1111111100000011000011110
0110011001111000000111100
1111110000001111000011001
1110000111111000011111111
1111110000001111000011001
1110000111111000011111111
1100000011000000111100000
0111111001100001100111111
1100000011000000111100000
0111111001100001100111111
0000000000001100111111000
0000011000000110000000000
0000000000001100111111000
0000011000000110000000000
0000001100000000110000001
1001100111100000000111100
0000001100000000110000001
1001100111100000000111100
1111111111001111111100110
0111100111111111111000000
1111111111001111111100110
0111100111111111111000000
0000000000000000110000001
1000011110000001100000011
0000000000000000110000001
1000011110000001100000011
1111111111111100001100111
1111100110011001100110000
1111111111111100001100111
1111100110011001100110000
1100000000001100110000110
0110011110000001100110000
1100000000001100110000110
0110011110000001100110000
1100111111001100111111001
1110000111111111111000011
1100111111001100111111001
1110000111111111111000011
1100111111001100000011000
0111100001111110000001111
1100111111001100000011000
0111100001111110000001111
1100111111001100000011000
0000000110000000011001100
1100111111001100000011000
0000000110000000011001100
1100000000001100110000001
1001111000011111100111100
1100000000001100110000001
1001111000011111100111100
1111111111111100110011110
0111111001100000011001111
1111111111111100110011110
0111111001100000011001111
