00000001100111111000000000011001100000000001111000000000011001111110000000000110011000000000011110011111100110011001111001100
11000011001111110011110011111100110011001111001100110000110011111100111100111111001100111100110000110000001100111111001111001
11111001100111100110000110000001100111111001111001111110011000000000000111111110011001111110011110011111100110000000000001111
11110011001111110011110000000000110011000011111111000000110000000000111100000000001100110000111111110000001100000000001111111
11111111100110011001100110011001111111111111111111111111111001100110011001100110011111111111111000000000000000000110000110011
11000000000000000000000000000000000000110000110011110000000000000000001111000011111100000000110011110000000011001111111111110
00011111100000000110011110000000011001111111100000000110000111111110011000011110000001100000011000000001100001111111100110000
11110000001100000011000000001100110011000011111111111100111111110000000000000011001100110000111111111111001111111100000011111
11100000011000011110011001100111100000011110011111111000000110000111100110011001111000000111100111111000000111100001100111100
00111111000011111111111111000000111100001100111100001111110000111111111100000011000000111100000011111100110000110011111111000
00011000000111100000011111100110000110011111100000000000011001111110001111111111111100111111001100110000001111111111111111111
11111111100111111001100110000001111111111111111000000001100000011000000000000000000000011001111110000000011000000110000000000
00000011000000001100000011001100111100000000111100000000110000000011000000110011001111000000001111001111111111001111111100110
01111001111111111110000001111111111001111111100110011110011111111111100000000000000000000001100000011000011110000001100000011
00000000000000001100000011000011110000001100000011111111111111110000110011111111001100110011001100001111111111111100001100111
11111001100110011001100001100000000001100110000110011001111000000110011000011000000000011001100001100110011110000001100110000
11001111110011001111110011110000111111111111000011110011111100110011111100111100001111111111110000111100111111001100000011000
01111000011111100000011111100111111001100000011000011110000111111000000111111001111110011000000110000000000110000000011001100
11001111110011000000110000000000110000000011001100110000000000110011000000110011110000111111001111001100000000001100110000001
10011110000111111001111001111111111111100110011110011111100110000001100111111111111111111001100111100111111001100000011001111
